0.000000 -1.000000 0.000000
0.050000 -0.883750 0.088182
0.100000 -0.767857 0.176364
0.150000 -0.652321 0.264545
0.200000 -0.537143 0.352727
0.250000 -0.422321 0.440909
0.300000 -0.307857 0.529091
0.350000 -0.193750 0.617273
0.400000 -0.080000 0.705455
0.450000 0.033393 0.793636
0.500000 0.146429 0.881818
0.550000 0.259107 0.970000
0.600000 0.371429 1.058182
0.650000 0.483393 1.146364
0.700000 0.595000 1.234545
0.750000 0.706250 1.322727
0.800000 0.817143 1.410909
0.850000 0.927679 1.499091
0.900000 1.037857 1.587273
0.950000 1.147679 1.675455
1.000000 1.257143 1.763636
1.050000 1.366250 1.851818
1.100000 1.475000 1.940000
1.150000 1.583393 2.028182
1.200000 1.691429 2.116364
1.250000 1.799107 2.204545
1.300000 1.906429 2.292727
1.350000 2.013393 2.380909
1.400000 2.120000 2.469091
1.450000 2.226250 2.557273
1.500000 2.332143 2.645455
1.550000 2.437679 2.733636
1.600000 2.542857 2.821818
1.650000 2.647679 2.910000
1.700000 2.752143 2.998182
1.750000 2.856250 3.086364
1.800000 2.960000 3.174545
1.850000 3.063393 3.262727
1.900000 3.166429 3.350909
1.950000 3.269107 3.439091
2.000000 3.371429 3.527273
2.050000 3.473393 3.615455
2.100000 3.575000 3.703636
2.150000 3.676250 3.791818
2.200000 3.777143 3.880000
2.250000 3.877679 3.968182
2.300000 3.977857 4.056364
2.350000 4.077679 4.144545
2.400000 4.177143 4.232727
2.450000 4.276250 4.320909
2.500000 4.375000 4.409091
2.550000 4.473393 4.497273
2.600000 4.571429 4.585455
2.650000 4.669107 4.673636
2.700000 4.766429 4.761818
2.750000 4.863393 4.850000
2.800000 4.960000 4.938182
2.850000 5.056250 5.026364
2.900000 5.152143 5.114545
2.950000 5.247679 5.202727
3.000000 5.342857 5.290909
3.050000 5.437679 5.379091
3.100000 5.532143 5.467273
3.150000 5.626250 5.555455
3.200000 5.720000 5.643636
3.250000 5.813393 5.731818
3.300000 5.906429 5.820000
3.350000 5.999107 5.908182
3.400000 6.091429 5.996364
3.450000 6.183393 6.084545
3.500000 6.275000 6.172727
3.550000 6.366250 6.260909
3.600000 6.457143 6.349091
3.650000 6.547679 6.437273
3.700000 6.637857 6.525455
3.750000 6.727679 6.613636
3.800000 6.817143 6.701818
3.850000 6.906250 6.790000
3.900000 6.995000 6.878182
3.950000 7.083393 6.966364
4.000000 7.171429 7.054545
4.050000 7.259107 7.142727
4.100000 7.346429 7.230909
4.150000 7.433393 7.319091
4.200000 7.520000 7.407273
4.250000 7.606250 7.495455
4.300000 7.692143 7.583636
4.350000 7.777679 7.671818
4.400000 7.862857 7.760000
4.450000 7.947679 7.848182
4.500000 8.032143 7.936364
4.550000 8.116250 8.024545
4.600000 8.200000 8.112727
4.650000 8.283393 8.200909
4.700000 8.366429 8.289091
4.750000 8.449107 8.377273
4.800000 8.531429 8.465455
4.850000 8.613393 8.553636
4.900000 8.695000 8.641818
4.950000 8.776250 8.730000
